[header]
width=128
height=16
tilewidth=16
tileheight=16

[tilesets]
tileset=arne_sprites.png,16,16,0,0

[layer]
type=Tile Layer 1
data=
0,0,0,0,0,0,0,0,0,0,0,0,0,0,0,0,0,0,0,0,0,0,0,0,0,0,0,0,0,0,0,0,0,0,0,0,0,0,0,0,0,0,0,0,0,0,0,5,4,4,4,4,5,5,4,5,4,5,5,5,5,4,5,0,0,0,0,0,0,0,0,0,0,0,0,0,0,0,0,0,0,0,0,0,0,0,0,0,0,0,0,0,0,0,0,0,0,0,0,0,0,0,0,0,0,0,0,0,0,0,0,0,0,0,0,0,0,0,0,0,0,0,0,0,0,0,0,0,
0,0,0,0,0,0,0,0,0,0,0,0,0,0,0,0,0,0,0,0,0,0,0,0,0,0,0,0,0,0,0,0,0,0,0,0,0,0,0,0,0,0,0,0,0,0,0,4,5,4,5,5,4,5,5,4,5,4,4,5,4,5,5,0,0,0,0,0,0,0,0,0,0,0,0,0,0,0,0,0,0,0,0,0,0,0,0,0,0,0,0,0,0,0,0,0,0,0,0,0,0,0,0,0,0,0,0,0,0,0,0,0,0,0,0,0,0,0,0,0,0,0,0,0,0,0,0,0,
0,0,0,0,0,0,0,0,0,0,0,0,0,0,0,0,0,0,0,0,0,0,0,0,0,0,0,0,0,0,0,0,0,0,0,0,0,0,0,0,0,0,0,0,0,0,0,4,4,4,5,5,5,4,5,5,4,4,4,4,5,5,4,0,0,0,0,0,0,0,0,0,0,0,0,0,0,0,0,0,0,0,0,0,0,0,0,0,0,0,0,0,0,0,0,0,0,0,0,0,0,0,0,0,0,0,0,0,0,0,0,0,0,0,0,0,0,0,0,0,0,0,0,0,0,0,0,0,
0,0,0,0,0,0,0,0,0,0,0,0,0,0,0,0,0,0,0,0,0,0,0,0,0,0,0,0,0,0,0,0,0,0,0,0,0,0,0,0,0,0,0,0,0,0,0,5,4,4,0,0,0,0,0,0,0,0,0,0,0,0,0,0,0,0,0,0,0,0,0,0,0,0,0,0,0,0,0,0,0,0,0,0,0,0,0,0,0,0,0,0,0,0,0,0,0,0,0,0,0,0,0,0,0,0,0,0,0,0,0,0,0,0,0,0,0,0,0,0,0,0,0,0,0,0,0,0,
0,0,0,0,0,0,0,0,0,0,0,0,0,0,0,0,0,0,0,0,0,0,0,0,0,0,0,0,0,0,0,0,0,0,0,0,0,0,0,0,0,0,0,0,0,0,0,4,4,5,0,0,0,0,0,0,0,0,0,0,0,0,0,0,0,0,0,0,0,0,0,0,0,0,0,0,0,0,0,0,0,4,4,4,4,0,0,0,0,0,0,0,0,0,0,0,0,0,0,0,0,0,0,0,0,0,0,0,0,0,0,0,0,0,0,0,0,0,0,0,0,0,0,0,0,0,0,0,
0,0,0,0,0,0,0,0,0,0,0,0,0,0,0,0,0,0,0,0,0,0,0,0,0,0,0,0,0,0,0,0,0,0,0,0,0,0,0,0,0,0,0,0,0,0,0,4,4,5,0,0,0,0,0,0,0,0,0,0,0,0,0,0,0,0,0,0,0,0,0,0,0,0,0,0,0,0,0,0,0,0,0,4,5,4,5,0,0,0,0,0,0,0,0,0,0,0,0,0,0,0,0,0,0,0,0,0,0,0,0,0,0,0,0,0,0,0,0,0,0,0,0,0,0,0,0,0,
0,0,0,0,0,0,0,0,0,0,0,0,0,0,0,0,0,0,0,0,0,0,0,0,0,0,0,0,0,0,0,0,0,0,0,0,0,0,0,0,0,0,0,0,0,0,0,4,4,5,0,0,0,4,5,5,0,0,0,0,0,0,0,0,0,0,0,0,0,0,0,0,0,0,0,0,0,0,0,0,0,0,0,4,4,5,5,4,4,0,0,0,0,0,0,0,0,0,0,0,0,0,0,0,0,0,0,0,0,0,0,0,0,0,0,0,0,0,0,0,0,0,0,0,0,0,0,0,
0,0,0,0,0,0,0,0,0,0,0,0,0,0,0,0,0,0,0,0,0,0,0,0,0,0,0,0,0,0,0,0,0,0,0,0,0,0,0,0,0,0,0,0,0,0,0,4,5,4,0,0,0,4,5,5,4,4,0,0,0,0,0,0,0,0,0,0,0,0,0,0,0,0,0,0,0,0,0,0,0,0,0,4,5,5,4,4,5,4,5,0,0,0,0,0,0,0,0,0,0,0,0,0,0,0,0,0,0,0,0,0,0,0,0,0,0,0,0,0,0,0,0,0,0,0,0,0,
0,0,0,0,0,0,0,0,0,0,0,0,0,0,0,0,0,0,0,0,0,0,0,0,0,0,0,0,0,0,0,0,0,0,0,0,0,0,0,0,0,0,0,0,0,0,0,4,4,5,0,0,0,5,4,4,5,5,4,5,0,0,0,0,0,0,0,0,0,0,0,0,0,0,0,0,0,0,0,0,0,0,0,5,4,5,5,4,5,5,4,5,5,0,0,0,0,0,0,0,0,0,0,0,0,0,0,0,0,0,0,0,0,0,0,0,0,0,0,0,0,0,0,0,0,0,0,0,
0,0,0,0,0,0,0,0,0,0,0,0,0,0,0,0,0,0,1,19,2,18,19,3,0,0,0,0,1,19,17,2,2,3,0,0,0,0,0,0,0,0,0,0,0,0,0,5,4,5,0,0,0,4,5,5,5,4,4,5,4,4,0,0,0,0,0,0,0,0,0,0,0,0,0,0,0,0,0,0,0,0,0,5,5,4,4,4,4,5,5,5,4,4,4,0,0,0,0,0,0,0,0,0,0,0,0,0,0,0,0,0,0,0,0,0,0,0,0,0,0,0,0,0,0,0,0,0,
0,0,0,0,0,0,0,0,0,0,0,0,0,0,0,0,1,17,33,34,35,34,33,34,0,0,0,0,35,36,35,33,34,33,2,3,0,0,0,0,0,0,0,0,0,0,0,4,4,5,0,0,0,5,5,4,5,4,5,4,4,5,5,4,0,0,0,0,0,0,0,0,0,0,0,0,0,0,0,0,0,0,0,5,4,5,5,4,4,4,5,5,4,5,5,5,4,0,0,0,0,0,0,0,0,0,0,0,0,0,0,0,0,0,0,0,0,0,0,0,0,0,0,0,0,0,0,0,
0,0,0,0,0,0,0,0,0,0,0,0,0,0,1,18,35,34,34,34,33,35,34,34,0,0,0,0,34,33,35,34,36,35,33,33,19,3,0,0,0,0,0,0,0,0,0,0,0,0,0,0,0,5,5,4,5,4,4,5,4,5,5,4,4,5,0,0,0,0,0,0,0,0,1,18,0,0,0,0,0,0,0,5,4,5,5,4,5,5,5,5,4,4,5,5,4,4,4,0,0,0,0,0,0,0,0,0,0,0,0,0,0,0,0,0,0,0,0,0,0,0,0,0,0,0,0,0,
0,0,0,0,0,0,0,0,0,0,0,0,1,2,36,33,33,34,35,33,36,33,35,33,0,0,0,0,33,34,35,34,35,36,34,36,36,34,19,3,0,0,0,0,0,0,0,0,0,0,0,0,0,4,5,4,5,5,5,4,5,4,5,4,4,5,5,5,0,0,0,0,1,2,34,33,0,0,0,0,0,0,0,5,5,4,4,4,5,5,5,4,4,4,5,5,5,4,4,5,5,0,0,0,0,0,0,0,0,0,0,0,0,0,0,0,0,0,0,0,0,0,0,0,0,0,0,0,
1,20,19,2,20,19,2,17,17,18,19,2,35,33,34,33,34,33,35,35,34,34,36,33,0,0,0,0,34,36,33,33,33,33,33,36,36,33,36,36,19,2,18,2,2,2,2,2,18,19,2,18,17,17,17,19,2,2,17,2,18,17,17,19,18,17,2,18,18,17,17,18,36,33,33,36,0,0,0,0,0,0,0,2,17,2,18,18,2,2,19,18,17,2,2,17,17,2,18,19,18,17,19,2,17,2,2,18,17,0,0,18,19,0,0,19,19,0,0,18,19,19,17,18,2,2,2,3,
34,36,33,35,36,36,33,35,35,36,33,35,35,34,33,36,35,35,34,33,33,34,33,36,36,33,33,36,35,35,36,36,36,33,34,35,33,34,33,35,35,33,35,33,36,34,34,35,36,35,36,34,33,34,35,34,35,35,33,35,33,33,36,35,35,34,33,33,33,36,36,33,34,33,34,36,0,0,0,0,0,0,0,35,36,35,33,36,36,35,35,34,36,35,34,33,34,36,33,36,35,36,35,34,35,35,34,33,34,36,34,35,36,36,36,35,35,34,34,35,35,33,36,35,35,34,36,33,
33,36,33,35,33,33,35,35,36,36,35,33,36,35,33,34,36,34,36,36,34,33,34,35,35,35,35,36,35,34,34,36,34,34,33,33,35,34,33,33,34,34,36,36,35,35,35,35,36,34,33,34,36,33,33,33,34,34,35,36,35,35,36,36,34,35,33,34,36,35,35,33,33,33,33,36,33,34,36,33,33,34,34,34,34,35,35,35,36,36,33,36,35,34,35,33,35,36,34,35,35,35,36,34,33,34,33,36,36,36,34,33,33,35,35,33,34,36,33,35,36,34,36,34,36,34,33,33

[ObjectsLayer]
type=spikes
location=384,224,0,0

[ObjectsLayer]
type=spikes
location=416,224,0,0

[ObjectsLayer]
type=spikes
location=400,224,0,0

[ObjectsLayer]
type=spikes
location=432,224,0,0

[ObjectsLayer]
type=player
location=32,184.667,0,0

[ObjectsLayer]
type=platform
location=1232.03,192,0,0

[ObjectsLayer]
type=platform
location=1248.03,192,0,0

[ObjectsLayer]
type=platform
location=1264.02,192,0,0

[ObjectsLayer]
type=spikes
location=1872.04,224.091,0,0

[ObjectsLayer]
type=spikes
location=1888.04,224.091,0,0

[ObjectsLayer]
type=spikes
location=1760,224,0,0

[ObjectsLayer]
type=spikes
location=1744,224,0,0

[ObjectsLayer]
type=turret
location=2032.67,16.6667,0,0

[ObjectsLayer]
type=spikes
location=1808,224,0,0

[ObjectsLayer]
type=spikes
location=1824,224,0,0

[ObjectsLayer]
type=spikes
location=1216,240,0,0

[ObjectsLayer]
type=spikes
location=1232,240,0,0

[ObjectsLayer]
type=spikes
location=1248,240,0,0

[ObjectsLayer]
type=spikes
location=1264,240,0,0

[ObjectsLayer]
type=spikes
location=1280,240,0,0

[ObjectsLayer]
type=spikes
location=1296,240,0,0

[ObjectsLayer]
type=spikes
location=1312,240,0,0

