[header]
width=128
height=16
tilewidth=16
tileheight=16

[tilesets]
tileset=arne_sprites.png,16,16,0,0

[layer]
type=Tile Layer 1
data=
0,0,0,0,0,0,0,0,0,0,0,0,0,0,0,0,0,0,0,0,0,0,0,0,0,0,0,0,0,0,0,0,0,0,0,0,0,0,0,0,0,5,4,5,4,4,5,5,4,5,4,5,4,5,4,5,4,5,5,4,4,4,4,5,5,5,5,5,5,4,5,4,4,4,5,5,5,4,5,4,4,5,4,5,4,4,5,5,5,5,4,5,4,5,5,4,5,4,5,4,5,5,4,5,0,0,0,0,0,0,0,0,0,0,0,0,0,0,0,0,0,0,0,0,0,0,0,0,
0,0,0,0,0,0,0,0,0,0,0,0,0,0,0,0,0,0,0,0,0,0,0,0,0,0,0,0,0,0,0,0,0,0,0,0,0,0,0,0,0,0,5,4,4,5,5,5,5,5,4,4,4,5,5,4,5,4,4,5,4,5,5,4,4,0,0,0,0,0,0,0,0,0,5,5,5,0,0,0,0,0,0,0,0,0,5,5,5,5,4,5,5,5,5,5,4,5,4,5,5,4,4,4,0,0,0,0,0,0,0,0,0,0,0,0,0,0,0,0,0,0,0,0,0,0,0,0,
0,0,0,0,0,0,0,0,0,0,0,0,0,0,0,0,0,0,0,0,0,0,0,0,0,0,0,0,0,0,0,0,0,0,0,0,0,0,0,0,0,0,0,4,5,4,4,4,4,5,4,4,4,5,4,5,5,4,4,5,5,4,4,4,4,0,0,0,0,0,0,0,0,0,5,4,5,0,0,0,0,0,0,0,0,0,4,5,4,4,5,5,4,5,5,5,4,4,4,4,4,4,5,5,0,0,0,0,0,0,0,0,0,0,0,0,0,0,0,0,0,0,0,0,0,0,0,0,
0,0,0,0,0,0,0,0,0,0,0,0,0,0,0,0,0,0,0,0,0,0,0,0,0,0,0,0,0,0,0,0,0,0,0,0,0,0,0,0,0,0,0,0,4,5,4,4,5,4,4,4,5,5,4,4,5,5,5,5,5,4,4,5,4,0,0,0,0,0,0,0,0,0,4,4,4,0,0,0,0,0,0,0,0,0,4,4,4,4,5,5,5,5,4,5,5,5,4,5,4,5,5,0,0,0,0,0,0,0,0,0,0,0,0,0,0,0,0,0,0,0,0,0,0,0,0,0,
0,0,0,0,0,0,0,0,0,0,0,0,0,0,0,0,0,0,0,0,0,0,0,0,0,0,0,0,0,0,0,0,0,0,0,0,0,0,0,0,0,0,0,0,0,5,4,4,4,5,4,5,5,4,5,4,5,5,5,5,4,4,5,4,4,0,0,0,5,5,4,0,0,0,4,5,5,0,0,0,4,5,5,0,0,0,4,4,4,4,4,5,5,5,4,4,5,5,4,5,5,0,0,0,0,0,0,0,0,0,0,0,0,0,0,0,0,0,0,0,0,0,0,0,0,0,0,0,
0,0,0,0,0,0,0,0,0,0,0,0,0,0,0,0,0,0,0,0,0,0,0,0,0,0,0,0,0,0,0,0,0,0,0,0,0,0,0,0,0,0,0,0,0,0,5,5,4,4,4,5,5,5,5,5,4,4,4,4,5,4,5,4,5,0,0,0,5,5,4,0,0,0,5,4,5,0,0,0,5,5,4,0,0,0,5,5,5,5,5,5,4,4,4,5,4,5,5,0,0,0,0,0,0,0,0,0,0,0,0,0,0,0,0,0,0,0,0,0,0,0,0,0,0,0,0,0,
0,0,0,0,0,0,0,0,0,0,0,0,0,0,0,0,0,0,0,0,0,0,0,0,0,0,0,0,0,0,0,0,0,0,0,0,0,0,0,0,0,0,0,0,0,0,0,0,0,0,0,0,0,0,5,4,5,5,4,5,5,4,4,4,5,0,0,0,4,4,4,0,0,0,4,4,5,0,0,0,5,5,4,0,0,0,4,5,4,5,4,4,5,4,4,4,5,0,0,0,0,0,0,0,0,0,0,0,0,0,0,0,0,0,0,0,0,0,0,0,0,0,0,0,0,0,0,0,
0,0,0,0,0,0,0,0,0,0,0,0,0,0,0,0,0,0,0,0,0,0,0,0,0,0,0,0,0,0,0,0,0,0,0,0,0,0,0,0,0,0,0,0,0,0,0,0,0,0,0,0,0,0,0,0,5,4,5,5,5,5,4,4,4,0,0,0,4,4,4,0,0,0,5,5,4,0,0,0,4,5,5,0,0,0,5,4,5,4,4,5,4,5,5,0,0,0,0,0,0,0,5,5,18,19,19,2,2,19,2,17,2,19,19,18,18,17,2,2,2,2,18,17,19,18,18,3,
0,0,0,0,0,0,0,0,0,0,0,0,1,18,0,0,1,17,3,0,0,1,18,3,0,0,1,17,3,0,0,1,19,3,0,0,1,17,3,0,0,4,4,4,5,4,5,4,5,5,5,4,0,0,0,0,0,0,5,4,4,5,4,5,4,0,0,0,4,4,5,0,0,0,5,4,4,0,0,0,5,4,4,0,0,0,5,4,5,5,4,5,4,0,0,0,0,0,0,0,5,4,5,5,5,33,36,5,33,34,36,35,5,36,4,5,34,5,5,34,36,36,35,5,33,34,33,33,
0,0,0,0,0,0,0,0,0,0,1,17,36,36,0,0,33,33,35,0,0,34,33,33,0,0,34,36,36,0,0,33,35,35,0,0,35,36,36,0,0,4,5,4,4,5,5,5,5,5,4,4,5,4,0,0,0,0,0,0,5,4,5,4,5,0,0,0,4,5,4,0,0,0,4,5,5,0,0,0,4,5,4,0,0,0,4,4,5,4,5,0,0,0,0,0,0,0,5,4,5,5,4,4,34,34,4,34,35,4,4,34,34,5,36,33,5,5,5,36,5,33,5,5,36,34,33,35,
0,0,0,0,0,0,0,0,1,19,33,35,35,33,0,0,34,35,34,0,0,33,34,36,0,0,33,35,36,0,0,34,33,35,0,0,34,34,35,0,0,4,5,5,4,5,4,4,5,5,5,4,4,5,4,4,0,0,0,0,0,0,5,4,4,0,0,0,5,5,4,0,0,0,0,0,0,0,0,0,4,5,4,0,0,0,0,0,0,0,0,0,0,0,0,0,4,5,4,5,5,4,5,4,4,5,35,36,4,4,5,34,36,36,35,5,35,5,34,34,5,36,35,33,33,33,4,34,
0,0,0,0,0,0,1,18,34,34,34,36,33,33,0,0,0,0,0,0,0,0,0,0,0,0,0,0,0,0,0,0,0,0,0,0,0,0,0,0,0,5,5,5,4,5,4,4,4,4,5,5,5,4,5,5,4,5,0,0,0,0,0,0,0,0,0,0,5,5,4,0,0,0,0,0,0,0,0,0,4,5,5,0,0,0,0,0,0,0,0,0,0,0,5,4,5,4,4,4,4,4,4,4,5,33,36,4,35,36,5,36,33,35,34,33,5,33,4,36,36,4,36,34,34,5,34,4,
1,18,17,19,18,18,36,36,33,34,34,33,35,36,0,0,0,0,0,0,0,0,0,0,0,0,0,0,0,0,0,0,0,0,0,0,0,0,0,0,0,4,5,5,4,4,5,4,5,5,4,4,5,4,4,4,4,5,4,5,0,0,0,0,0,0,0,0,4,5,5,0,0,0,0,0,0,0,0,0,4,5,5,0,0,0,0,0,0,0,0,0,5,5,4,4,4,5,4,5,5,4,5,4,33,33,33,35,35,35,5,5,36,35,34,33,35,4,5,4,33,34,35,33,36,4,4,5,
34,33,35,36,33,33,34,34,33,33,36,36,34,35,0,0,0,0,0,0,0,0,0,0,0,0,0,0,0,0,0,0,0,0,0,0,0,0,0,0,0,5,4,4,5,5,4,4,4,4,5,5,5,5,5,5,5,4,4,5,4,5,5,4,4,5,4,4,4,4,4,5,5,4,4,5,5,4,4,4,5,4,4,5,4,4,4,4,5,4,4,4,4,4,4,4,4,5,4,4,4,5,4,4,5,4,33,5,35,34,34,33,5,35,5,5,34,34,33,35,4,4,34,35,33,5,5,35,
35,33,35,33,34,34,33,36,33,35,34,35,34,36,0,0,0,0,0,0,0,0,0,0,0,0,0,0,0,0,0,0,0,0,0,0,0,0,0,0,0,5,5,5,4,5,5,5,5,5,4,4,4,4,5,5,5,5,5,4,5,4,4,4,5,5,5,5,5,4,5,5,4,4,5,5,4,5,4,4,5,4,4,4,5,5,4,4,4,4,4,4,5,4,4,4,5,5,4,4,4,5,5,4,33,5,36,34,35,36,4,4,5,4,36,36,36,5,35,36,5,35,34,33,34,33,33,36,
35,36,34,36,35,35,35,33,34,35,33,35,36,33,5,5,4,5,4,4,4,5,5,4,5,4,4,5,5,4,4,5,4,4,4,5,5,4,4,5,5,5,5,4,4,4,5,5,4,4,4,4,5,4,4,4,5,5,4,5,4,4,5,5,5,4,5,4,5,4,5,5,4,4,4,5,5,5,4,4,5,4,4,5,5,5,4,4,5,4,4,5,5,4,5,4,5,5,4,5,5,4,4,5,34,33,4,35,36,36,4,34,36,35,34,33,35,34,33,34,5,4,33,4,33,34,4,33

[ObjectsLayer]
type=turret
location=1968,32,0,0

[ObjectsLayer]
type=turret
location=1888,32,0,0

[ObjectsLayer]
type=turret
location=1808,32,0,0

[ObjectsLayer]
type=player
location=32,176,0,0

[ObjectsLayer]
type=spikes
location=224,240,0,0

[ObjectsLayer]
type=spikes
location=240,240,0,0

[ObjectsLayer]
type=spikes
location=288,240,0,0

[ObjectsLayer]
type=spikes
location=320,240,0,0

[ObjectsLayer]
type=spikes
location=352,240,0,0

[ObjectsLayer]
type=spikes
location=368,240,0,0

[ObjectsLayer]
type=spikes
location=432,240,0,0

[ObjectsLayer]
type=spikes
location=448,240,0,0

[ObjectsLayer]
type=spikes
location=528,240,0,0

[ObjectsLayer]
type=spikes
location=544,240,0,0

[ObjectsLayer]
type=spikes
location=576,240,0,0

[ObjectsLayer]
type=spikes
location=624,240,0,0

[ObjectsLayer]
type=spikes
location=640,240,0,0

[ObjectsLayer]
type=spikes
location=256,240,0,0

[ObjectsLayer]
type=spikes
location=272,240,0,0

[ObjectsLayer]
type=spikes
location=304,240,0,0

[ObjectsLayer]
type=spikes
location=336,240,0,0

[ObjectsLayer]
type=spikes
location=384,240,0,0

[ObjectsLayer]
type=spikes
location=400,240,0,0

[ObjectsLayer]
type=spikes
location=416,240,0,0

[ObjectsLayer]
type=spikes
location=464,240,0,0

[ObjectsLayer]
type=spikes
location=496,240,0,0

[ObjectsLayer]
type=spikes
location=480,240,0,0

[ObjectsLayer]
type=spikes
location=512,240,0,0

[ObjectsLayer]
type=spikes
location=560,240,0,0

[ObjectsLayer]
type=spikes
location=592,240,0,0

[ObjectsLayer]
type=spikes
location=608,240,0,0

[ObjectsLayer]
type=spikes
location=1328,80,0,0

[ObjectsLayer]
type=spikes
location=1360,160,0,0

[ObjectsLayer]
type=spikes
location=1136,80,0,0

[ObjectsLayer]
type=spikes
location=1168,160,0,0

[ObjectsLayer]
type=turret
location=352,32,0,0

[ObjectsLayer]
type=turret
location=512,32,0,0

